it = 0, theta =         4.049715847409460, y = array([2.01239058, 2.01239058, 2.01239058, 2.01239058, 2.01239058])
it = 1, theta =         5.000000000000002, y = array([2.23606798, 2.23606798, 2.23606798, 2.23606798, 2.23606798])
Power method: theta = np.float64(5.000000000000002), y = array([0.4472136, 0.4472136, 0.4472136, 0.4472136, 0.4472136])
